15 25 14 5 8 9 37 12 
15 25 14 5 8 9 37 21 
24 18 21 30 25 1 37 12 
15 25 14 5 25 9 37 21 
24 24 21 30 25 1 37 12 
35 15 36 22 11 37 37 21 
35 15 36 22 11 37 37 21 
35 15 36 22 11 37 37 21 
29 30 36 5 25 1 37 21 
24 25 36 37 29 39 37 21 
24 25 36 37 29 39 37 21 
29 30 5 16 29 39 5 11 
29 30 5 16 29 39 5 11 
37 25 5 29 29 39 5 11 
37 25 5 29 29 39 5 11 
37 25 5 29 29 39 5 11 
37 25 5 29 29 39 5 11 
37 25 5 29 29 39 5 11 
24 30 5 29 29 39 37 11 
24 30 5 29 29 39 37 11 
24 25 5 29 29 39 5 11 
29 30 5 37 29 25 37 11 
29 30 5 37 29 25 37 11 
24 25 5 29 29 25 37 11 
29 5 5 37 24 36 37 11 
24 5 5 11 24 36 37 11 
24 5 5 11 24 36 37 11 
24 5 5 11 24 36 37 11 
29 30 5 11 24 24 37 11 
29 5 5 11 24 24 37 11 
29 5 5 11 24 24 37 11 
29 5 5 11 24 24 37 11 
29 5 5 11 24 24 37 11 
29 5 5 11 24 24 37 11 
29 5 5 11 24 24 37 11 
29 5 5 11 24 24 37 11 
24 5 5 29 29 24 37 11 
24 5 5 29 29 24 37 11 
24 5 5 29 29 24 37 11 
24 5 5 29 29 24 37 11 
